-1.085382852506323603e+00
-3.079671150290997694e+00
-3.574263906233016375e+00
-3.864162965498891822e+00
-4.015822726628496930e+00
-4.071286257682309007e+00
-4.099903790244468382e+00
-4.118122111783895534e+00
-4.125450883180751482e+00
-4.128019157448004961e+00
-4.128216430653699476e+00
-4.128244571143754982e+00
-4.128258351510763369e+00
-4.128274704223199976e+00
-4.128285286208192240e+00
-4.128285895761488078e+00
-4.128286465568681507e+00
-4.128286819595587964e+00
-4.128286857054324521e+00
-4.128286878665489823e+00
-4.128286891714827433e+00
-4.128286894665116336e+00
-4.128286895107405208e+00
-4.128286895318403538e+00
-4.128286895425056890e+00
-4.128286895479456042e+00
-4.128286895503952891e+00
-4.128286895513077148e+00
-4.128286895514033716e+00
