3.206564579719007213e+00
1.597887125124907381e+00
1.125490003835947883e+00
7.611131088532804290e-01
4.812506127472603867e-01
3.522890309848038526e-01
2.702466257194493515e-01
1.795055643147134561e-01
1.152482945910556361e-01
4.157156833200354590e-02
1.612196734485301861e-02
9.963283535836179108e-03
8.004956699305298268e-03
5.169676152449184138e-03
2.459551640545026667e-03
1.452119450479566172e-03
9.351545483521055829e-04
5.864820433372175358e-04
2.836397348354787341e-04
1.865764134351878426e-04
1.580706552642470333e-04
4.331402768212623002e-05
3.026180858644817118e-05
2.143860937474261193e-05
1.505971380877558244e-05
1.028467723497818179e-05
6.698243735606066923e-06
2.811616575915571032e-06
9.844409402588239546e-07
