2.531318902969360352e+00
1.799519896507263184e+01
2.924375510215759277e+01
5.796530318260192871e+01
6.902377486228942871e+01
8.578712797164916992e+01
8.320784902572631836e+01
7.337457299232482910e+01
9.570506596565246582e+01
1.723625059127807617e+02
1.245815651416778564e+02
3.627843470573425293e+02
1.946415112018585205e+02
2.301183140277862549e+02
1.529438331127166748e+02
2.058308141231536865e+02
1.920801820755004883e+02
4.532001960277557373e+02
2.713327460289001465e+02
3.358391869068145752e+02
