2.332515954971313477e+00
1.053180694580078125e-01
1.033940315246582031e-01
1.177470684051513672e-01
1.302959918975830078e-01
1.352720260620117188e-01
1.413791179656982422e-01
1.254088878631591797e-01
1.328191757202148438e-01
2.208819389343261719e-01
1.268510818481445312e-01
1.561338901519775391e-01
1.304340362548828125e-01
1.432662010192871094e-01
1.501410007476806641e-01
1.710999011993408203e-01
2.122488021850585938e-01
1.937470436096191406e-01
2.959280014038085938e-01
3.118898868560791016e-01
4.192740917205810547e-01
1.265469789505004883e+00
8.982691764831542969e-01
1.345279932022094727e+00
3.259345054626464844e+00
2.364553213119506836e+00
4.863043069839477539e+00
7.089496850967407227e+00
7.829205036163330078e+00
1.539212393760681152e+01
1.564885210990905762e+01
5.566299486160278320e+01
5.808655118942260742e+01
5.925040388107299805e+01
6.566015195846557617e+01
1.333264961242675781e+02
1.472824530601501465e+02
2.835551540851593018e+02
5.185976150035858154e+02
7.384857811927795410e+02
